400
530
380
150
530
380
250
310
380
350
660
530
400
290
380
690
530
400
300
560
530
360
290
390
210
380
210
350
160
250
540
380
390
290
690
5000
400
370
360
270
160
690
410
690
250
390
560
260
540
350
420
300
130
380
360
510
710
560
530
250
360
420
710
510
300
300
350
350
420
500
170
400
170
360
360
190
270
250
300
300
560
360
480
5000
390
530
480
270
680
530
250
390
690
600
360
360
530
360
250
400
390
680
510
500
420
280
530
250
360
320
420
250
420
410
350
510
290
360
510
710
530
540
520
560
280
290
390
380
350
710
540
290
390
660
530
360
530
520
510
680
5000
170
270
360
250
560
410
680
530
250
690
280
4800
600
360
360
150
300
350
390
530
360
290
600
320
250
250
210
4800
560
500
390
390
600
380
260
530
530
310
320
350
420
530
480
5000
130
270
400
560
560
530
360
370
380
350
250
360
420
270
370
680
360
210
680
520
210
350
300
5000
370
350
300
480
530
560
250
690
370
210
530
350
390
350
350
4800
350
130
540
520
210
250
150
320
690
390
410
480
250
660
660
290
510
680
710
370
160
520
320
390
400
520
530
510
5000
280
500
530
360
410
530
360
680
680
690
350
350
300
210
4800
390
560
530
350
150
660
530
530
420
280
350
290
290
270
350
530
380
310
380
400
400
690
350
370
410
390
210
300
250
540
280
560
380
660
190
420
380
390
150
170
210
300
160
380
530
250
250
250
250
530
560
390
370
530
540
310
360
400
530
390
300
190
530
5000
500
400
160
290
680
350
190
530
350
210
680
510
4800
530
530
360
190
600
350
600
150
370
350
530
560
360
600
420
410
290
530
360
530
370
300
250
530
660
500
530
530
360
530
390
250
380
210
530
420
380
480
250
320
4800
360
530
300
520
130
530
350
320
530
400
210
270
260
710
210
130
250
360
710
600
370
530
500
520
530
250
390
390
530
360
190
530
660
270
420
420
480
510
350
360
480
300
390
560
420
170
290
350
400
380
170
380
480
360
170
530
360
480
500
400
250
130
310
560
250
420
410
290
380
600
350
520
210
530
270
250
400
400
380
310
270
280
420
510
480
250
600
350
360
250
520
350
510
410
290
420
420
420
530
210
520
5000
260
280
710
150
350
710
250
250
320
660
520
