7320
7160
6880
7660
7880
6880
5220
4280
7080
5060
3160
7880
5160
6400
7080
8060
5000
5160
5840
4420
7880
6860
7240
6340
8000
6880
8000
6820
6120
6440
5940
6880
6340
7240
8060
9260
5160
6280
6460
5740
6120
8060
6400
8060
5220
6340
5100
6220
5940
5060
7120
5840
8540
6880
8200
7560
7880
4420
5300
3840
8200
6340
7880
7560
5840
5840
6380
6820
6340
8160
5920
7320
5920
8200
6860
5540
5740
3840
5840
5840
4420
6860
5880
9260
8200
7880
5040
5740
4460
6900
3840
6340
8060
5200
6460
6460
7160
6460
3840
5160
8200
4460
7560
8160
6340
6240
7160
6440
6860
7560
7120
3840
6340
6400
6380
7560
6400
6460
7560
7880
5300
5940
7360
5100
6240
6400
8200
6880
6380
7880
5940
7240
8200
3160
7160
6860
7940
7360
7560
4460
9260
5920
5740
6860
5220
4420
6400
4460
7880
5220
8060
6240
5700
5200
6460
6860
7660
5840
5060
5060
6900
6860
6400
5200
7560
6440
6440
6000
5700
4420
8160
5060
5060
5200
6880
6220
7940
6900
4280
7560
6820
7120
5000
5880
9260
8540
5740
5160
4420
5100
6900
8200
6280
7080
6380
6440
6860
7120
5740
6280
4460
6860
6000
4460
7360
8000
6820
5840
9260
6280
6820
5840
5040
7880
4420
3840
8060
6280
6000
5300
6380
6340
5060
6380
5700
6820
8540
5940
7360
6000
5220
7660
7560
8060
6340
6400
5040
5220
3160
3160
6400
7560
4460
7880
6280
6120
7360
7560
6340
5160
7360
5300
7560
9260
6240
8160
7940
6460
6400
6900
8200
4460
4460
8060
5060
6380
5840
6000
5700
6340
4420
6900
5060
7660
3160
7880
7160
7120
6240
6820
7240
6400
5740
6820
7880
6880
4280
7080
5160
7320
8060
5060
6280
6400
6340
6000
5840
6440
5940
6240
5100
7080
3160
5540
6340
7080
5060
7660
5920
6000
5840
6120
6880
5300
6440
6440
6440
5220
7160
4420
8200
6280
7940
5940
4280
8200
7320
7940
5060
5840
5540
7160
9260
8160
7320
6120
7240
4460
6820
5540
7880
5060
6000
4460
7560
5700
5300
7160
8200
5540
5200
5060
5200
7660
6280
5060
7940
5100
6460
5200
7120
6400
6400
5300
6860
7160
6280
5840
3840
6900
3160
8160
7880
5000
6460
5000
8200
6440
7080
8000
7940
7120
7080
5040
5220
7560
5700
6860
5000
5840
7360
8540
7160
5060
7560
5000
7320
8000
5740
6220
7880
6000
8540
6440
6860
7880
5200
6280
6900
8160
7360
5000
3840
6340
8200
7880
6460
5540
6900
3160
5740
7120
7120
5040
7560
5060
6860
5040
5840
8200
4420
6340
5920
7240
5060
5160
6880
5920
6880
5880
6460
5920
7160
6460
5040
8160
5160
6440
8540
4280
4420
3840
6340
6400
7240
6880
5200
6820
7360
6000
5300
5740
5220
7320
7320
7080
4280
5740
6240
7120
7560
5040
6440
5200
6380
8200
6440
7360
6380
7560
6400
7240
7120
6340
6340
5300
8000
7360
9260
6220
6240
7880
7660
5060
7880
3840
5220
7560
3160
7360
