650
260
260
550
510
300
680
380
260
450
300
250
670
360
410
280
370
420
520
370
610
360
250
330
260
260
420
550
4900
240
230
660
410
340
150
220
300
250
230
410
520
400
180
520
310
400
300
290
340
380
510
210
620
400
410
270
270
260
520
660
460
210
260
360
370
270
510
370
540
510
500
240
340
490
510
350
250
530
310
500
420
230
280
500
410
640
450
370
420
170
540
230
510
150
270
210
240
370
290
430
4000
520
370
230
350
470
530
360
390
370
270
390
230
350
500
420
180
250
380
530
510
240
620
460
380
570
390
420
230
200
560
250
370
510
250
270
260
340
310
280
390
330
410
470
180
310
360
590
280
370
360
430
510
390
380
500
620
380
530
410
290
520
430
260
430
430
360
670
460
260
400
270
140
360
370
4600
350
170
240
260
220
350
370
380
370
410
630
480
260
160
230
450
210
370
200
260
370
380
330
330
340
530
360
450
380
400
400
260
530
400
350
340
380
370
520
380
390
250
390
300
410
400
590
540
580
210
360
410
260
480
270
670
320
260
530
410
250
350
500
220
350
230
230
320
200
370
220
360
350
350
260
280
390
530
310
200
180
300
380
380
240
200
360
430
190
240
550
430
420
240
360
310
250
430
250
190
520
570
330
260
250
240
400
530
370
370
510
650
250
460
390
410
200
440
470
560
280
230
410
490
200
650
320
410
320
410
380
540
270
520
190
280
320
420
470
370
250
320
190
430
230
400
510
200
670
460
320
450
450
410
280
460
370
520
4100
660
410
260
220
370
610
180
440
270
230
230
200
420
280
410
230
280
550
210
390
390
350
620
480
210
360
350
270
390
240
330
350
270
260
410
230
540
390
250
610
410
420
400
210
270
380
530
180
320
560
310
290
230
260
410
420
590
340
410
220
240
200
650
370
270
510
540
200
640
600
510
280
260
500
440
400
240
180
390
170
540
310
290
400
240
500
430
540
380
320
420
290
210
580
650
270
620
330
250
570
360
240
680
390
370
190
260
410
560
380
410
180
340
550
190
420
390
250
250
190
250
260
430
350
310
190
360
530
510
680
280
350
410
490
360
360
550
580
340
230
330
700
270
690
290
330
220
220
360
350
420
350
400
340
510
380
390
210
400
220
340
410
170
390
410
