6500
7140
8020
6200
3900
5420
5980
5120
6220
5880
7160
6020
5280
7200
6720
5860
6440
5600
8020
7760
7420
7880
6280
8520
7540
5440
6780
5200
7760
8200
4900
8360
7760
7220
6780
4960
6920
7460
6480
6900
7640
7540
5600
8240
7340
5720
7460
6060
5880
5720
6480
6940
6820
5000
4820
7480
7260
6480
6900
6560
6540
8280
7320
6060
6420
2580
7020
4580
5000
5960
8060
4380
7920
4200
6100
6920
4780
7560
5920
4700
7200
5100
3740
5720
7560
6460
7280
5420
6160
8020
7180
6660
6820
6560
7460
6040
6280
7060
8000
5200
8500
8220
7280
5140
8060
7820
7060
5280
7680
4460
6140
6280
4900
5900
5240
7780
7080
6960
6480
7640
6600
5880
6080
4940
7260
6280
6240
5480
7340
4980
7820
4240
7360
5540
7180
5560
5840
3840
6840
7400
3060
8240
7400
7340
8100
3360
6900
6800
6800
7280
5140
6700
5680
7100
7620
7260
6120
7300
5340
6860
8020
5960
6360
6220
8400
7880
7520
6980
6700
7380
6900
3600
6940
6140
6740
5960
8280
7820
6660
5920
5540
2640
7660
6380
7820
4720
6740
6560
7440
6500
7920
6460
6340
6600
7940
7800
5940
6540
6540
7140
7500
6080
7020
8220
5780
8200
4840
8120
7440
5940
7540
6020
4800
7580
7440
5520
7360
3640
7280
5200
7960
8260
6520
7440
6520
7360
7180
5660
6340
7260
8140
7880
6420
7940
7640
6760
7800
8180
6720
6500
7860
7120
7680
8160
8120
8120
8060
6480
8060
6840
6320
6120
3880
7720
6320
6380
7980
6480
6860
7080
7520
7100
5540
6480
4820
7320
3840
7340
6800
6880
6560
5060
6820
4420
7380
6440
6580
8340
4700
7680
6200
6560
5340
3720
5460
7840
7600
7060
4540
7500
7480
5300
6960
4840
7800
3980
6140
4580
5640
6960
6960
4700
4620
6540
6440
7780
6600
7720
6180
5580
5080
6960
6900
6220
4780
6760
4940
5200
8460
6480
7640
6960
5860
6380
6320
2580
6720
5960
7100
6420
7740
8400
7220
4500
5700
6800
6700
7460
6120
7320
5920
6640
7380
6680
6660
7500
6300
4540
6640
8740
4680
7480
5920
7760
4540
6080
8020
7760
5380
7920
5220
7680
6340
7920
4960
6840
7600
6720
6060
6700
6980
7320
7080
3720
7300
6760
6880
8160
8140
6840
6400
6440
5100
7800
7400
8100
6600
8300
5780
7740
5020
7240
6220
6480
8460
7180
7480
7440
7320
8100
5980
5960
5300
5900
6740
7540
6660
6700
7020
6400
5800
6560
8800
5380
7860
8340
8580
8100
7660
6620
7780
7080
5740
2340
6240
7700
7100
7440
7780
5580
5700
5900
6480
6700
7540
6640
4640
7080
7260
4840
7060
7300
6760
7300
7840
7380
7040
7200
7700
6560
7600
6820
7700
8180
3460
6760
7200
7900
5980
5760
8280
7860
7660
5800
5340
7940
6420
7900
5620
5560
8060
7680
5220
3740
7820
4640
3440
6120
5160
2300
7380
6800
6980
4720
6780
7300
8120
7500
7480
5780
6480
6640
6860
4920
6080
7920
5960
7400
6780
7120
